0.0329767 0 0 0 0 0 0 0 0 0 
0.09893 0 0 0 0 0 0 0 0 0 
0.164883 0 0 0 0 0 0 0 0 0 
0.230837 0 0 0 0 0 0 0 0 0 
0.29679 0 0 0 0 0 0 0 0 0 
0.362743 0 0 0 0 0 0 0 0 0 
0.428697 0 0 0 0 0 0 0 0 0 
0.49465 0 0 0 0 0 0 0 0 0 
0.560603 0 0 0 0 0 0 0 0 0 
0.626556 0 0 0 0 0 0 0 0 0 
0.69251 0 0 0 0 0 0 0 0 0 
0.758463 0 0 0 0 0 0 0 0 0 
0.824416 0 0 0 0 0 0 0 0 0 
0.89037 0 0 0 0 0 0 0 0 0 
0.956323 0 0 0 0 0 0 0 0 0 
1.02228 0 0 0 0 0 0 0 0 0 
1.08823 0 0 0 0 0 0 0 0 0 
1.15418 0 0 0 0 0 0 0 0.00232821 0 
1.22014 0 0 0 0 0 0 0 0.00639381 0 
1.28609 0 0 0 0 0 0.00484971 0 0.0114453 0 
1.35204 0 0 0 0 0 0.115059 0 0.0139252 0.00280845 
1.418 0 0 0.000638329 0 0 0.846584 0 0.0129794 0.0331931 
1.48395 0 0 0.0120215 0 0 2.75262 0 0.0140858 0.331064 
1.5499 0 0 0.0827523 0 0 4.89761 0 0.0129127 0.91475 
1.61586 0 0 0.317448 0 0 6.03243 0 0.0132731 1.75401 
1.68181 0 0 0.762724 0 0 5.70817 0 0.0160343 2.61842 
1.74776 0 0 1.35662 0 0 4.55403 0 0.0179286 2.86409 
1.81372 0 0 1.9629 0 0.000955989 3.23632 0 0.0284521 2.9382 
1.87967 0 0 2.38797 0 0.00148348 2.2338 0.00890086 0.0480767 2.77343 
1.94562 0.000276923 0 2.52003 0 0.00332308 1.56367 0.0311539 0.0874569 2.63744 
2.01158 0.00233157 0.00497888 2.44938 0 0.0176163 1.10222 0.240929 0.146054 2.24783 
2.07753 0.00242878 0.0179881 2.274 0.107473 0.0500328 0.799117 0.306026 0.23921 1.74634 
2.14348 0.0100391 0.0326201 2.05426 0.131764 0.0981098 0.63336 0.410692 0.3618 1.32595 
2.20944 0.0313528 0.0866697 1.85467 0.212598 0.112097 0.509274 0.545989 0.530815 1.16751 
2.27539 0.0560862 0.150434 1.62618 0.332569 0.141127 0.438591 0.848886 0.708526 1.00809 
2.34134 0.127743 0.258073 1.41348 0.410192 0.25472 0.375185 0.917911 0.917014 0.922126 
2.4073 0.192294 0.41058 1.25104 0.591534 0.323987 0.346714 1.03383 1.13484 0.750022 
2.47325 0.260667 0.563862 1.11156 0.525704 0.46735 0.339697 0.982 1.33168 0.722308 
2.5392 0.366807 0.775716 0.987796 0.670692 0.569397 0.338083 1.14627 1.49513 0.719519 
2.60516 0.505407 0.965956 0.905672 0.873494 0.716868 0.353266 1.33225 1.6225 0.702843 
2.67111 0.628717 1.12912 0.839957 0.845219 0.824723 0.366397 1.32789 1.67594 0.673603 
2.73706 0.750754 1.27903 0.784202 1.05057 0.898386 0.385751 1.30035 1.68282 0.639819 
2.80302 0.874487 1.43908 0.746652 1.02873 0.998042 0.435554 1.2689 1.70254 0.606471 
2.86897 0.956505 1.58156 0.730557 1.04884 1.12514 0.455723 1.4873 1.65828 0.637861 
2.93492 1.06041 1.66754 0.70249 1.04331 1.19842 0.494952 1.39291 1.56671 0.692374 
3.00088 1.17857 1.78413 0.694153 1.04511 1.29848 0.538135 1.45721 1.49403 0.773178 
3.06683 1.25237 1.82197 0.705359 1.05748 1.36205 0.574899 1.6134 1.39146 0.731547 
3.13278 1.29292 1.87329 0.701937 1.08954 1.37431 0.63286 1.63831 1.30051 0.753912 
3.19874 1.34271 1.88689 0.710254 1.10885 1.36607 0.681994 1.61986 1.20759 0.776339 
3.26469 1.38777 1.91595 0.718913 1.23418 1.26029 0.728488 1.60081 1.13239 0.856578 
3.33064 1.43589 1.85434 0.738993 1.33533 1.20851 0.7661 1.55151 1.05787 0.813039 
3.3966 1.36758 1.7607 0.759797 1.35827 1.14177 0.814221 1.56272 1.02129 0.853874 
3.46255 1.38707 1.64009 0.791449 1.21127 1.04553 0.856641 1.30964 0.979906 0.882472 
3.5285 1.35911 1.55551 0.829377 1.14747 0.965128 0.901086 1.24725 0.948669 0.853916 
3.59446 1.39311 1.45753 0.853892 1.12826 0.908453 0.953981 1.18364 0.945076 0.958588 
3.66041 1.33616 1.36114 0.895626 1.051 0.84581 1.00468 1.21003 0.923279 1.01614 
3.72636 1.26467 1.26897 0.933227 1.137 0.835237 1.04286 0.949013 0.901718 1.01987 
3.79232 1.24323 1.15985 0.959627 1.12295 0.823933 1.0879 0.880755 0.866909 1.03666 
3.85827 1.19686 1.10512 0.991366 1.00988 0.816992 1.12032 0.833472 0.861059 1.08241 
3.92422 1.12593 1.04818 1.01415 0.973162 0.797931 1.15043 0.785779 0.860438 1.1497 
3.99018 1.10528 0.962153 1.06416 1.08348 0.78448 1.17566 0.843971 0.850378 1.14764 
4.05613 1.02732 0.913406 1.09062 0.984973 0.79913 1.19696 0.860239 0.849302 1.12373 
4.12208 1.04437 0.886783 1.11763 1.02451 0.834351 1.21067 0.867637 0.849521 1.10846 
4.18804 1.01688 0.866078 1.1558 0.869664 0.835176 1.21229 0.936009 0.849592 1.08978 
4.25399 0.989359 0.834516 1.16999 1.08796 0.864342 1.21281 1.01887 0.865359 1.14719 
4.31994 0.956965 0.81368 1.18711 0.960195 0.900002 1.21731 0.982104 0.888223 1.20433 
4.3859 0.942952 0.811593 1.18022 0.899244 0.9084 1.19965 0.985081 0.902608 1.25273 
4.45185 0.924689 0.790377 1.17157 0.888666 0.931248 1.15667 0.938257 0.90412 1.14775 
4.5178 0.910472 0.795086 1.18384 0.96538 0.951512 1.13673 0.954979 0.930919 1.08065 
4.58376 0.882016 0.824177 1.16268 0.909359 0.990041 1.12049 0.979713 0.941476 1.03963 
4.64971 0.901056 0.831466 1.16617 0.967755 0.998814 1.07567 0.991031 0.96465 1.0588 
4.71566 0.890502 0.83595 1.12696 1.03528 1.02793 1.05195 1.04589 0.986054 1.02905 
4.78162 0.902696 0.8394 1.0982 0.911316 1.04699 1.03072 1.04096 0.999068 1.0533 
4.84757 0.88758 0.857787 1.08421 0.881669 1.08977 1.01662 0.964649 1.01951 1.02275 
4.91352 0.921666 0.874504 1.06066 0.891378 1.09614 0.994525 0.976054 1.04416 0.995588 
4.97948 0.946248 0.89989 1.03186 0.996985 1.10231 0.968432 0.913585 1.06273 0.928075 
5.04543 0.936662 0.920146 1.00361 1.07734 1.14295 0.94761 0.892946 1.07077 0.9428 
5.11138 0.962764 0.932649 0.982865 1.044 1.15565 0.940511 0.96455 1.07995 0.923639 
5.17734 0.966239 0.954872 0.965736 0.965359 1.16985 0.932087 1.05336 1.0938 0.947478 
5.24329 0.985023 0.962891 0.952567 0.998998 1.17409 0.92444 1.00243 1.09775 0.934345 
5.30924 1.03985 0.972189 0.941703 1.0675 1.17612 0.919206 1.01896 1.10592 0.905538 
5.3752 1.04217 1.00704 0.930226 1.08283 1.19137 0.915864 1.01615 1.10834 0.90469 
5.44115 1.05537 1.03031 0.927796 1.12446 1.2109 0.917915 0.987952 1.10441 0.919661 
5.5071 1.0831 1.04953 0.928548 1.08265 1.21563 0.922632 0.909987 1.10057 0.919098 
5.57306 1.07821 1.05724 0.921714 1.00528 1.20944 0.920236 1.03161 1.08901 0.932357 
5.63901 1.0807 1.0501 0.914056 1.14856 1.21946 0.91987 1.0551 1.07864 0.944102 
5.70496 1.05936 1.04689 0.90747 1.12119 1.20406 0.935253 0.963198 1.06825 0.932654 
5.77092 1.1155 1.03526 0.918103 1.22793 1.18255 0.942825 0.875437 1.06503 0.96126 
5.83687 1.11077 1.04912 0.922906 1.20564 1.19466 0.950997 0.875383 1.06275 0.962041 
5.90282 1.13715 1.05955 0.929726 1.17998 1.17674 0.961825 0.863603 1.05043 0.971464 
5.96878 1.15386 1.0579 0.940142 1.13794 1.16171 0.965694 0.955195 1.03291 0.98521 
6.03473 1.15575 1.04661 0.954152 1.10629 1.13608 0.974249 0.899454 1.03036 0.996857 
6.10068 1.14255 1.02298 0.959903 1.15771 1.12669 0.99305 0.916237 1.02838 0.991631 
6.16663 1.15775 1.01411 0.964833 1.11633 1.10876 1.00517 0.874413 1.01986 0.984644 
6.23259 1.13791 0.999086 0.978721 1.18452 1.08944 1.01073 0.968546 1.00546 0.967617 
6.29854 1.12776 0.990907 0.991305 1.16321 1.08524 1.02143 0.959072 0.994905 0.981759 
6.36449 1.1225 0.981808 1.00132 1.0942 1.06178 1.0334 0.950944 0.992694 0.993589 
6.43045 1.10058 0.982938 1.0018 1.09316 1.04059 1.02954 0.939524 0.996741 1.00951 
6.4964 1.09896 0.988069 1.00308 1.15287 1.05125 1.03693 1.0368 0.989748 1.02604 
6.56235 1.07735 0.971789 1.0219 1.0482 1.03163 1.04514 1.08435 0.97836 1.02383 
6.62831 1.06215 0.987176 1.02347 1.04194 1.03838 1.05594 1.12158 0.97863 0.994554 
6.69426 1.03835 0.980859 1.01652 1.06836 1.02776 1.05754 1.01011 0.983053 0.990293 
6.76021 1.0468 0.962889 1.03085 1.076 1.01874 1.05533 1.04314 0.974487 1.02797 
6.82617 1.05497 0.954413 1.03251 1.06628 1.00286 1.05095 0.982751 0.976263 1.03482 
6.89212 1.04852 0.94989 1.04329 1.09033 1.00279 1.04845 1.05507 0.98066 1.01576 
6.95807 1.0374 0.961089 1.0438 1.07496 0.996232 1.05105 1.01909 0.978886 1.02841 
7.02403 1.03456 0.970428 1.03658 1.01183 1.00551 1.04435 1.00896 0.98407 1.01517 
7.08998 1.03549 0.973231 1.03432 0.960874 1.02489 1.03268 1.01625 0.991621 1.02069 
7.15593 1.03319 0.972677 1.02836 0.977485 1.02844 1.02583 1.00267 0.994081 1.04543 
7.22189 1.02997 1.00261 1.02772 0.976297 1.03481 1.01959 1.04941 1.00446 1.04301 
7.28784 1.01346 1.00293 1.02296 1.00712 1.02414 1.02062 1.05641 1.00519 1.00488 
7.35379 1.01142 1.00725 1.01105 1.04089 1.03181 1.01486 1.08509 1.00573 1.03161 
7.41975 1.01094 1.02715 1.01473 1.05932 1.0216 1.00729 1.03133 1.00791 1.02795 
